318 1166 5 164 144
106 189 -0.042 0 0 0 0.573
106 235 0 0 0 0 0.298125
106 82 0 0 0 0 0.2874
235 141 -0.26 0 0 0 0.640125
235 306 0 0 0 0 0.280268
235 82 0 0 0 0 0.406875
141 306 0 0 0 0 0.186
141 56 -0.043 0 0 0 0.423
141 215 -0.0300154 0.144074 0 0 0.377818
56 285 -0.045 0 0 0 0.44375
56 124 0 0 0 0 0.25488
56 215 -0.167 0.305 0 0 0.264937
285 124 0 0 0 0 0.031625
285 190 -0.069 0 0 0 0.3845
285 28 0 0 0 0 0.260009
190 28 -0.043 0 0 0 0.328
190 93 0 0 0 0 0.386625
190 259 -0.0290149 0 0 0 0.269388
93 172 -0.0770395 0 0.000500256 0 0.268512
93 315 -0.347 0 0 0 0.601
93 259 -0.072 0.373 0 0 0.288563
315 172 -0.05 0 0 0 0.488687
315 230 0 0.68 0 0 0.318125
315 79 -0.074038 0.267137 0 0 0.456485
230 72 -0.047 0.373 0 0 0.309375
230 238 -0.0910467 0 0 0 0.430971
230 79 -0.042 0 0 0 0.28625
72 71 -0.1605 0 0 0 0.506
72 236 -0.149077 0 0 0 0.481999
72 238 -0.044 0.364 0 0 0.465813
71 68 -0.3525 0 0 0 0.339938
71 234 -0.0285146 0 0 0 0.315536
71 236 -0.0365 0 0 0 0.4175
68 234 -0.043 0.306 0 0 0.331688
68 76 -0.041 0 0 0 0.308062
68 250 -0.0830426 0 0 0 0.290211
76 250 -0.048 0 0 0 0.26775
76 10 -0.2125 0 0 0 0.5835
76 174 -0.0380195 0.11606 0 0.0135069 0.264261
10 104 -0.0485249 0 0 0 0.62282
10 174 -0.0805 0.1805 0 0 0.418813
167 253 -0.09 0 0 0.0015 0.215062
167 193 -0.057 0 0 0.00075 0.144313
167 33 -0.171088 0.159082 0 0.184594 0.314974
193 192 -0.206 0 0 0 0.252375
193 31 -0.0580298 0 0 0.0690354 0.310659
193 33 -0.082 0.1695 0 0 0.140375
192 106 -0.0990509 0 0 0 0.362561
192 189 0 0 0 0 0.177125
192 27 0 0 0 0.0667843 0.249754
192 31 0 0 0 0 0.02225
189 27 0 0 0 0 0.422125
189 291 -0.0670344 0 0 0.0900462 0.229617
189 82 -0.066 0 0 0 0.32575
189 235 -0.0900462 0 0 0.0180092 0.342176
82 199 0 0.260134 0 0.00825423 0.160706
82 306 0 0 0 0 0.1445
82 141 0 0 0 0 0.215985
82 291 0 0 0 0 0.343875
306 199 0 0 0 0 0.263687
306 111 -0.0310159 0 0 0 0.187471
306 215 -0.043 0 0 0 0.262062
306 56 -0.0310159 0 0 0 0.173088
215 124 0 0 0 0 0.292937
215 285 0 0 0 0 0.108242
215 111 -0.301 0 0 0 0.229937
215 15 0 0.0690354 0 0 0.22918
124 244 -0.0310159 0 0 0 0.219988
124 28 0 0.322 0 0 0.26075
124 190 -0.0290149 0 0 0 0.317662
124 15 0 0.1445 0 0 0.289875
28 244 -0.165 0 0 0 0.255125
28 145 -0.0290149 0 0 0 0.226617
28 259 -0.093 0 0 0 0.323312
28 93 -0.336173 0 0.00225115 0 0.373566
259 58 -0.0300154 0 0 0 0.140259
259 172 -0.058 0 0 0 0.291375
259 315 0 0 0 0 0.372003
259 145 -0.066 0 0 0 0.205187
172 58 -0.097 0 0 0 0.261813
172 286 -0.103053 0.323166 0.000500256 0.0120062 0.237309
172 79 -0.166 0 0 0 0.557562
172 230 -0.0320164 0.329169 0.000750385 0 0.292337
79 121 -0.0430221 0 0 0.0352681 0.195599
79 286 -0.042 0.23 0 0 0.504687
79 238 -0.042 0 0 0 0.237438
79 72 -0.0310159 0 0 0.0202604 0.418839
238 120 -0.0360185 0 0 0 0.390888
238 236 -0.063 0 0 0 0.556063
238 121 -0.042 0 0 0 0.238813
238 71 -0.119061 0 0 0 0.5626
236 234 0 0 0 0 0.317625
236 120 -0.124 0.174 0 0 0.6995
236 68 -0.0340174 0 0 0 0.423343
236 119 -0.0600308 0.262135 0 0 0.630319
234 131 -0.0600308 0 0 0 0.158956
234 250 -0.121 0 0 0 0.247125
234 76 -0.0840431 0.162083 0 0.0157581 0.372192
234 119 -0.1625 0 0 0 0.561375
250 131 0 0 0 0 0.346875
250 59 0 0 0 0 0.252505
250 174 0 0.1675 0 0 0.243062
250 10 -0.0500257 0 0 0 0.301404
174 104 -0.048 0.1665 0 0 0.328438
174 110 -0.0300154 0.138571 0 0 0.243686
174 59 0 0.2195 0 0 0.20325
104 110 -0.121 0 0 0 0.422938
104 57 0 0 0 0 0.43275
104 220 -0.0360185 0 0 0 0.376441
57 19 -0.0360185 0 0 0 0.501382
57 220 -0.073 0 0 0 0.37775
293 62 -0.043 0 0 0 0.17025
293 227 -0.145075 0 0 0 0.368065
293 53 -0.059 0 0 0 0.086875
62 227 -0.096 0.339 0 0 0.37
62 167 -0.0290149 0 0.0205105 0 0.217487
62 253 -0.095 0 0 0 0.3515
62 98 -0.0810416 0 0 0 0.25363
253 248 -0.037019 0 0 0.0420216 0.223864
253 98 -0.042 0 0 0 0.426625
253 33 0 0.2255 0 0.00075 0.128875
253 193 -0.0330169 0 0 0.189097 0.16696
33 245 -0.286147 0.328669 0 0.00450231 0.194349
33 31 -0.131 0.1485 0 0 0.3615
33 248 -0.043 0.1565 0 0 0.177875
33 192 -0.0630324 0.107555 0 0.0277642 0.301655
31 27 0 0 0 0 0.285375
31 245 -0.042 0.0405 0 0 0.011125
31 189 0 0 0 0.0570293 0.250129
31 292 0 0 0 0.0885455 0.183093
27 201 -0.0290149 0.1941 0 0.0232619 0.150201
27 291 -0.043 0 0 0 0.312375
27 292 0 0 0 0 0.433313
27 82 -0.0600308 0 0 0.0825424 0.31979
291 199 0 0 0 0 0.233812
291 201 -0.25 0 0 0 0.63275
291 306 0 0 0 0 0.306533
291 100 -0.0420216 0 0 0 0.469365
199 16 -0.11706 0 0 0 0.195287
199 111 -0.315 0 0 0 0.0415625
199 215 -0.0300154 0 0 0 0.276454
199 100 -0.149 0 0 0 0.399938
111 16 -0.047 0 0 0 0.154125
111 124 -0.0290149 0 0 0 0.133568
111 246 -0.133068 0 0 0 0.204605
111 15 -0.047 0.0835 0 0 0.04225
15 244 -0.042 0.2745 0 0 0.118375
15 246 -0.085 0.1375 0 0 0.37525
15 28 0 0.150577 0 0 0.246501
15 146 -0.0290149 0.172589 0 0 0.241123
244 46 0 0 0 0 0.11756
244 145 0 0 0 0 0.1465
244 146 -0.059 0 0 0 0.162
244 259 -0.0300154 0.232119 0 0 0.080541
145 58 -0.044 0 0 0 0.17925
145 172 -0.0750385 0 0.00125064 0 0.29215
145 46 0 0 0 0 0.233437
145 287 -0.0540277 0.210108 0 0 0.240498
58 195 0 0 0 0.00825423 0.231619
58 286 -0.048 0 0 0 0.241187
58 287 -0.129 0 0 0 0.297812
58 79 -0.0310159 0.23412 0 0.0270138 0.34105
286 195 0 0 0 0 0.403188
286 121 -0.051 0 0 0 0.369437
286 238 -0.0710365 0 0 0.0352681 0.234058
286 25 -0.074038 0 0 0.0577797 0.34549
121 120 0 0 0 0 0.417375
121 236 -0.0830426 0 0 0.00600308 0.458734
121 24 -0.0300154 0 0 0.0135069 0.297528
121 25 0 0 0 0 0.228563
120 234 -0.074038 0 0 0.00600308 0.37882
120 23 -0.0800411 0 0 0.00300154 0.377068
120 24 -0.045 0 0 0 0.25
120 119 -0.0715 0 0 0 0.460375
119 38 -0.0775398 0 0 0 0.46774
119 23 -0.3565 0 0 0 0.476063
119 131 -0.0255 0.341 0 0 0.29525
119 250 -0.0165085 0.221114 0 0 0.297528
131 38 -0.042 0 0 0 0.208062
131 288 -0.0640329 0 0 0 0.261884
131 59 0 0 0 0 0.225063
131 174 0 0.135069 0 0 0.290774
59 104 -0.0930478 0 0 0 0.301842
59 110 -0.042 0 0 0 0.278
59 288 -0.222 0 0 0 0.471188
59 309 -0.0700359 0 0.000250128 0 0.262822
110 112 -0.126065 0 0 0 0.368252
110 309 -0.041 0 0 0 0.345562
110 220 -0.083 0 0 0 0.388187
110 57 -0.0310159 0 0 0 0.328231
220 112 -0.044 0 0 0 0.335375
220 19 0 0 0 0 0.468875
220 21 0 0 0 0 0.459234
19 160 -0.0450231 0 0 0 0.58705
19 21 0 0 0 0 0.482938
154 239 -0.099 0 0 0 0.3725
154 271 0 0.1995 0 0 0.14375
154 115 -0.0320164 0 0 0 0.218862
271 293 -0.0610313 0.0825424 0.00275141 0 0.238247
271 53 0 0.0555 0 0 0.079
271 212 -0.03902 0.0285146 0 0 0.137695
271 115 -0.051 0.0465 0 0 0.06425
53 116 -0.0610313 0 0 0.062282 0.228367
53 227 -0.11 0 0 0 0.35325
53 62 -0.0650334 0 0 0 0.323041
53 212 -0.057 0 0 0 0.318875
227 116 0 0 0 0 0.2245
227 30 -0.03902 0 0 0 0.192723
227 98 -0.233 0 0 0 0.30925
227 253 -0.0310159 0 0.00250128 0 0.114683
98 149 0 0 0.00225115 0.0922974 0.191848
98 30 0 0 0 0 0.2435
98 248 0 0 0 0 0.15425
98 33 -0.0460236 0.122063 0.00850436 0.0742881 0.248127
248 147 -0.0470241 0.0490252 0.000250128 0.0532773 0.0489
248 149 0 0 0 0 0.03975
248 245 -0.083 0.0135 0 0 0.2015
248 31 -0.0950488 0 0 0.029265 0.267512
245 147 0 0.3695 0 0 0.171062
245 27 -0.0340174 0.261634 0 0.127565 0.154954
245 202 -0.0300154 0.219613 0 0.000750385 0.318289
245 292 -0.047 0.4455 0 0 0.276938
292 201 -0.071 0 0 0 0.189187
292 202 -0.042 0 0 0 0.0778125
292 291 -0.0400205 0.186096 0 0 0.353369
292 103 -0.0290149 0 0 0 0.198164
201 199 -0.0940483 0 0 0 0.43197
201 5 0 0 0 0 0.0293901
201 100 -0.043 0 0 0 0.24125
201 103 0 0 0 0 0.2615
100 16 -0.043 0 0 0 0.189125
100 5 -0.042 0 0 0 0.1135
100 111 -0.0680349 0 0 0 0.211233
100 247 -0.0300154 0 0 0 0.0947984
16 148 -0.0610313 0 0 0 0.183468
16 246 -0.235 0 0 0 0.328625
16 247 0 0 0 0 0.00925
16 15 -0.072037 0.0680349 0 0 0.074663
246 148 0 0 0 0 0.145313
246 244 -0.115059 0 0 0 0.283271
246 47 0 0 0 0 0.209106
246 146 -0.052 0 0 0 0.21
146 46 0 0 0 0 0.132188
146 47 -0.043 0 0 0 0.218313
146 145 0 0 0 0 0.190597
146 275 0 0 0 0 0.167586
46 58 -0.0310159 0 0 0.000750385 0.167898
46 196 0 0 0 0 0.140634
46 287 0 0.343 0 0 0.322875
46 275 0 0 0 0 0.170188
287 195 -0.044 0 0 0 0.131688
287 196 0 0.224 0 0 0.111313
287 286 -0.0680349 0 0 0 0.373254
287 96 -0.0330169 0 0 0 0.129628
195 121 -0.0830426 0 0 0.0435223 0.227867
195 256 -0.130067 0.180092 0 0 0.293025
195 96 -0.086 0 0 0 0.335875
195 25 -0.087 0 0 0 0.233938
25 120 0 0 0 0.0247627 0.286458
25 255 -0.0340174 0 0 0.00150077 0.312222
25 256 -0.1325 0.1235 0 0 0.444937
25 24 -0.041 0 0 0 0.227938
24 254 0 0 0 0 0.308033
24 255 0 0 0 0 0.293125
24 23 -0.043 0 0 0 0.357062
24 119 -0.0750385 0 0 0 0.228616
23 254 -0.089 0 0 0 0.339312
23 38 0 0 0 0 0.28625
23 131 -0.139071 0 0.00200103 0 0.415275
23 266 0 0.248127 0.000750385 0 0.417401
38 288 -0.043 0 0 0 0.343688
38 59 -0.0310159 0 0 0 0.35487
38 266 0 0 0 0 0.234062
38 197 -0.0290149 0 0 0 0.340737
288 110 -0.0290149 0 0 0 0.363812
288 211 -0.0540277 0 0 0 0.320039
288 309 -0.087 0 0 0 0.3025
288 197 0 0 0 0 0.32775
309 18 0 0 0 0 0.427219
309 211 -0.068 0 0 0 0.505
309 112 0 0 0 0 0.43
309 220 -0.332171 0 0 0 0.488877
112 18 0 0 0 0 0.446125
112 224 0 0 0 0 0.415463
112 19 -0.0320164 0 0 0 0.386072
112 21 -0.047 0 0 0 0.580437
21 160 -0.125 0 0 0 0.672188
21 164 -0.0430221 0 0 0 0.49807
21 224 -0.049 0 0 0 0.547125
160 164 -0.066 0 0 0 0.62325
160 171 -0.0320164 0 0 0 0.368564
243 239 -0.044 0 0 0 0.41675
243 84 -0.178091 0 0 0 0.39808
243 180 -0.109 0.453 0 0 0.604
243 154 -0.0630324 0 0 0 0.286773
239 84 0 0 0 0 0.17125
239 1 -0.0080041 0.0160082 0 0 0.205605
239 115 -0.054 0 0 0 0.23325
239 271 -0.0560288 0.0620318 0 0 0.19685
115 156 -0.0290149 0 0 0 0.119311
115 1 -0.1995 0.0195 0 0 0.164188
115 212 0 0 0 0 0.162875
115 53 -0.0440226 0 0 0 0.116935
212 116 -0.05 0 0 0 0.24725
212 156 -0.044 0 0 0 0.0259375
212 227 -0.144074 0 0 0.000750385 0.317163
212 22 -0.0290149 0 0 0 0.335798
116 30 -0.101 0 0 0 0.068625
116 22 0 0 0 0 0.116625
116 98 -0.0300154 0 0.000500256 0 0.173589
116 261 -0.0320164 0 0 0.0157581 0.103803
30 149 0 0 0 0 0.036375
30 248 0 0 0 0.0345177 0.174213
30 52 0 0 0 0 0.0640325
30 261 -0.065 0 0 0 0.169625
149 147 -0.061 0 0 0 0.189187
149 245 -0.0460236 0.0160082 0 0.103553 0.131567
149 48 -0.0540277 0 0 0.00825423 0.254631
149 52 0 0 0 0 0.0501875
147 105 -0.0360185 0 0 0 0.194662
147 202 -0.054 0 0 0 0.110188
147 48 -0.1165 0 0 0 0.186375
147 292 -0.0310159 0 0 0.0592804 0.215548
202 105 -0.054 0 0 0 0.12275
202 201 0 0 0 0 0.121436
202 7 0 0 0 0.00300154 0.245376
202 103 0 0 0 0 0.17775
103 229 -0.0330169 0 0 0 0.10743
103 5 0 0 0 0 0.02175
103 7 0 0 0 0 0.0643125
103 100 -0.0330169 0 0 0 0.182218
5 229 -0.062 0 0 0 0.246375
5 16 -0.0340174 0 0 0 0.0772895
5 150 -0.0490252 0.200103 0 0 0.229742
5 247 -0.061 0 0 0 0.019
247 148 -0.067 0 0 0 0.102187
247 150 0 0 0 0 0.182437
247 246 -0.0640329 0 0 0 0.166835
247 49 0 0 0 0 0.0660337
148 276 -0.0340174 0.251129 0 0 0.254068
148 47 0 0 0 0 0.15925
148 49 -0.182 0 0 0 0.242812
148 146 -0.0310159 0 0 0 0.118998
47 276 -0.052 0 0 0 0.174688
47 46 -0.120062 0 0 0 0.154266
47 181 -0.0290149 0 0 0 0.0856061
47 275 -0.116 0.247 0 0 0.0879375
275 196 0 0 0 0 0.13325
275 181 -0.056 0.16 0 0 0.048125
275 287 0 0 0 0 0.180217
275 97 -0.111057 0 0 0 0.204355
196 195 -0.0490252 0 0 0.0202604 0.060406
196 2 -0.074038 0 0 0 0.188347
196 96 -0.074 0 0 0 0.050375
196 97 -0.061 0 0 0 0
96 159 -0.03902 0 0 0 0.226491
96 2 -0.042 0 0 0 0.126625
96 256 -0.0165 0.2805 0 0 0.163125
96 25 -0.0880452 0 0 0.0352681 0.467865
256 159 -0.0985 0.1865 0 0 0.105625
256 255 -0.0265 0.0555 0 0 0.232625
256 24 -0.01951 0.0435223 0 0.0547781 0.273014
256 158 -0.0385198 0.0645331 0 0 0.407583
255 254 0 0 0 0 0.282125
255 23 -0.0310159 0 0 0 0.298403
255 157 -0.037019 0 0 0 0.411962
255 158 0 0 0 0 0.508563
254 38 -0.0290149 0 0 0 0.336923
254 168 -0.0780401 0 0 0 0.469491
254 157 -0.041 0 0 0 0.489125
254 266 -0.05 0 0 0 0.32075
266 288 -0.0700359 0 0 0 0.460862
266 168 -0.113 0 0 0 0.501688
266 99 -0.0610313 0.338174 0 0 0.506012
266 197 -0.052 0 0 0 0.45275
197 122 -0.0290149 0 0 0 0.502635
197 211 -0.041 0 0 0 0.448875
197 99 -0.081 0 0 0 0.41175
197 309 -0.0840431 0 0 0 0.345176
211 249 -0.0290149 0 0 0 0.543029
211 122 0 0 0 0 0.43025
211 18 -0.042 0 0 0 0.544
211 112 -0.0310159 0 0 0 0.538776
18 249 0 0 0 0 0.1685
18 133 0 0 0 0 0.411586
18 224 0 0 0 0 0.391438
18 21 -0.0320164 0 0.000250128 0 0.40258
224 50 0 0 0 0 0.328106
224 133 0 0 0 0 0.306125
224 160 0 0 0 0 0.567853
224 164 0 0 0 0 0.412062
164 50 0 0 0 0 0.341875
164 171 -0.088 0 0 0 0.385375
164 179 -0.198102 0 0 0 0.305782
171 179 -0.041 0 0 0 0.21425
280 152 0 0 0 0 0.183687
280 118 -0.251129 0.293151 0 0.0322665 0.320978
280 243 -0.157081 0 0 0 0.381884
280 180 -0.101 0 0 0 0.120812
180 118 -0.044 0 0 0 0.271562
180 84 -0.048 0 0 0 0.246
180 239 -0.0310159 0 0 0 0.183093
180 69 -0.0680349 0 0 0 0.25363
84 223 -0.0290149 0 0 0 0.116059
84 69 -0.222 0 0 0 0.428
84 1 -0.0075 0.0545 0 0 0.314187
84 115 -0.0280144 0 0 0 0.180092
1 156 -0.1805 0.4475 0 0 0.1275
1 223 -0.0915 0.3495 0 0 0.308688
1 212 -0.147576 0.0205105 0 0 0.23931
1 61 -0.0255131 0.182594 0 0 0.121499
156 116 0 0 0.000500256 0 0.203041
156 252 -0.0300154 0 0 0 0.250191
156 22 0 0 0 0 0.239937
156 61 -0.093 0 0 0 0.154938
22 30 -0.128066 0 0 0 0.335547
22 252 -0.058 0 0 0 0.155875
22 165 -0.0340174 0 0 0 0.124563
22 261 -0.045 0 0 0 0.1525
261 149 -0.0310159 0 0.000250128 0 0.257007
261 281 -0.167086 0.249128 0 0 0.297278
261 165 0 0.064 0 0 0.157625
261 52 -0.045 0.18 0 0 0.154938
52 147 -0.0990509 0.221114 0 0 0.24819
52 277 -0.0280144 0 0 0.000750385 0.178904
52 281 -0.105 0.315 0 0 0.346625
52 48 -0.0675 0 0 0 0.2085
48 105 -0.0175 0 0 0 0.0593125
48 277 -0.0975 0 0 0 0.149312
48 202 -0.0655336 0 0 0 0.26795
48 9 -0.01951 0 0 0 0.172025
105 231 0 0.228117 0 0 0.159706
105 7 -0.062 0.205 0 0 0.186188
105 9 0 0.501 0 0 0.122938
105 103 -0.0320164 0 0 0.107305 0.0286397
7 229 -0.041 0 0 0 0.113187
7 231 -0.078 0 0 0 0.125062
7 5 0 0 0 0 0.190909
7 137 -0.0310159 0 0 0 0.106992
229 51 0 0 0 0 0.15758
229 150 -0.098 0 0 0 0.262812
229 137 0 0 0 0 0
229 247 -0.207106 0.25313 0 0 0.188596
150 51 -0.043 0 0 0 0.28825
150 148 -0.0310159 0 0 0 0.0793529
150 278 -0.131067 0 0 0 0.211045
150 49 0 0 0 0 0.0133125
49 276 -0.043 0 0 0 0.1285
49 278 -0.175 0 0 0 0.09875
49 47 -0.426218 0 0 0 0.189847
49 182 -0.0330169 0 0 0 0.116559
276 86 -0.0420216 0 0 0 0.191973
276 181 0 0 0 0 0.11975
276 182 0 0 0 0 0.115125
276 275 -0.0420216 0.225116 0 0 0.0531523
181 86 -0.041 0 0 0 0.1405
181 196 -0.0300154 0 0 0 0.156455
181 3 -0.0300154 0 0 0 0.109431
181 97 0 0 0 0 0.068
97 225 -0.0310159 0 0 0 0.127315
97 2 -0.041 0 0 0 0.22775
97 3 0 0 0 0 0.0185
97 96 -0.0580298 0 0 0.009755 0.208106
2 225 0 0 0 0 0.39175
2 159 0 0 0 0 0.112875
2 256 -0.0880452 0.185095 0 0.0480246 0.208232
2 66 0 0 0 0 0.0769141
159 255 -0.0340174 0 0.00150077 0.0307658 0.299779
159 65 -0.0570293 0 0 0.000750385 0.201103
159 66 0 0 0 0 0.0570625
159 158 -0.105 0 0 0 0.394937
158 254 0 0 0 0 0.484812
158 64 -0.0360185 0 0 0 0.469805
158 65 -0.043 0 0 0 0.306625
158 157 -0.09 0 0 0 0.488063
157 75 -0.0340174 0 0 0 0.648832
157 64 0 0 0 0 0.388625
157 168 -0.045 0 0 0 0.354688
157 266 -0.0830426 0 0 0 0.41046
168 75 0 0 0 0 0.482938
168 4 0 0 0 0 0.657025
168 99 -0.122 0.072 0 0 0.581187
168 197 -0.0300154 0 0 0 0.359747
99 122 0 0 0 0 0.413625
99 4 -0.053 0 0 0 0.560875
99 211 0 0 0 0 0.393827
99 26 -0.0300154 0 0 0 0.499631
122 249 -0.066 0 0 0 0.467375
122 18 -0.076039 0 0 0 0.450981
122 151 -0.0300154 0 0 0 0.654335
122 26 -0.048 0 0 0 0.494875
249 133 0 0 0 0 0.513812
249 224 0 0 0 0 0.315662
249 151 0 0 0 0 0.50475
249 39 0 0 0.000250128 0 0.571793
133 50 0 0 0 0 0.106688
133 164 0 0 0 0 0.304343
133 279 -0.0340174 0 0 0 0.223301
133 39 0 0 0 0 0.367063
50 63 -0.0440226 0 0 0 0.455984
50 171 -0.0920473 0 0 0 0.424594
50 179 -0.044 0.249 0 0 0.38275
50 279 -0.291 0 0 0 0.49275
179 63 0 0 0 0 0.373313
152 144 -0.287 0.3025 0 0 0.326125
152 118 -0.043 0.848 0 0 0.0954375
152 114 -0.142073 0.414212 0 0.0780401 0.174214
152 180 -0.153079 0 0 0.0712866 0.138445
118 84 -0.0640329 0 0 0 0.379882
118 114 -0.125 0.517 0 0 0.168938
118 69 -0.091 0 0 0 0.419813
118 258 -0.101052 0 0 0 0.418402
69 132 0 0 0 0 0.394077
69 223 -0.045 0 0 0 0.329875
69 1 -0.320164 0.168086 0 0 0.268264
69 258 0 0 0 0 0.530875
223 132 -0.042 0 0 0 0.435625
223 156 -0.0310159 0.121062 0 0 0.140697
223 290 -0.0380195 0 0 0 0.0655335
223 61 0 0.224 0 0 0.220375
61 155 -0.0700359 0 0 0 0.216485
61 252 -0.116 0 0 0 0.032
61 290 -0.092 0 0 0 0.278625
61 22 -0.0280144 0 0 0 0.208356
252 155 0 0.139 0 0 0.3285
252 74 0 0 0 0 0.0931725
252 165 0 0 0 0 0.227875
252 261 0 0 0 0 0.289273
165 186 -0.0380195 0.150077 0 0.0600308 0.237997
165 74 0 0 0 0 0.235
165 281 -0.048 0 0 0 0.373437
165 52 -0.0290149 0 0 0 0.236246
281 185 0 0 0 0 0.0857311
281 186 -0.0055 0 0 0 0.0203125
281 277 0 0 0 0 0.105062
281 48 -0.0230118 0 0 0.068285 0.0992382
277 185 0 0 0 0 0.062
277 105 -0.0300154 0 0 0 0.0902959
277 233 -0.03902 0 0 0 0.180717
277 9 -0.12 0 0 0 0.144063
9 231 0 0 0 0 0.119313
9 233 -0.059 0 0 0 0.100562
9 7 -0.0300154 0.147076 0 0.0202604 0.173651
9 138 -0.0710365 0 0.000250128 0 0.0323291
231 229 -0.0660339 0 0 0 0.122813
231 54 -0.0450231 0 0 0 0.0945485
231 137 -0.15 0 0 0 0.128625
231 138 -0.251 0 0 0 0.26425
137 51 0 0 0 0 0.242188
137 54 -0.059 0 0 0 0.144125
137 150 -0.0650334 0 0 0.03902 0.206481
137 282 -0.0340174 0 0 0.00150077 0.156079
51 183 -0.0320164 0 0 0 0.177403
51 278 0 0 0 0 0.132563
51 282 -0.05 0 0 0 0.0444375
51 49 -0.0560288 0 0 0 0.109868
278 183 -0.043 0 0 0 0.124125
278 276 -0.0430221 0 0 0 0.0869194
278 87 -0.0320164 0 0 0.000750385 0.00450231
278 182 -0.047 0 0 0 0.113875
182 86 -0.173 0 0 0 0.29575
182 87 -0.044 0 0 0 0.093
182 181 0 0 0 0 0.217987
182 310 -0.109056 0 0 0 0.164209
86 226 -0.0820421 0.204105 0 0 0.179216
86 3 -0.042 0 0 0 0.235625
86 310 -0.044 0.291 0 0 0.124688
86 97 -0.1951 0 0 0 0.162583
3 225 -0.042 0 0 0 0.1155
3 226 -0.041 0.1965 0 0 0.197125
3 2 -0.0460236 0 0 0 0.0607809
3 134 -0.0290149 0 0 0 0.151077
225 159 0 0 0 0.0562789 0.212484
225 296 0 0.257132 0 0 0.230118
225 134 0 0 0 0 0.22775
225 66 0 0 0 0 0.166063
66 295 0 0 0 0 0.212046
66 296 0 0 0 0 0.195812
66 65 -0.041 0 0 0 0.3215
66 158 -0.0920473 0 0 0.0465239 0.204417
65 294 -0.0380195 0 0.000250128 0.000750385 0.472557
65 295 -0.09 0 0 0 0.351063
65 64 0 0 0 0 0.492312
65 157 0 0 0 0.00450231 0.459549
64 294 -0.08 0 0 0 0.515125
64 75 -0.043 0 0 0 0.593
64 168 -0.0580298 0 0 0.0142573 0.525895
64 301 -0.035018 0 0 0 0.600435
75 4 0 0 0 0 0.64825
75 99 -0.0290149 0 0 0 0.603058
75 301 0 0 0 0 0.58625
75 228 0 0 0 0 0.503886
4 122 -0.0290149 0 0 0 0.567542
4 257 -0.0610313 0.240123 0 0 0.649207
4 26 -0.232 0 0 0 0.458
4 228 0 0.173 0 0 0.513062
26 249 0 0 0 0 0.530148
26 55 0 0 0 0 0.644957
26 257 -0.088 0 0 0 0.619875
26 151 0 0 0 0 0.534375
151 133 0 0.251129 0 0 0.426343
151 55 0 0 0 0 0.472125
151 268 -0.03902 0 0 0 0.633948
151 39 0 0 0 0 0.58075
39 50 0 0 0.000250128 0 0.358184
39 184 -0.0430221 0 0 0 0.323916
39 268 -0.041 0 0 0 0.449875
39 279 -0.049 0 0 0 0.533625
279 184 -0.2115 0 0 0 0.61375
279 63 0 0 0 0 0.483687
279 179 0 0 0 0 0.412337
144 0 -0.0915 0.0495 0 0 0.316
144 118 -0.0600308 0.481745 0 0 0.146075
144 297 -0.0590303 0.01951 0 0 0.312536
144 114 -0.043 0.0325 0 0 0.215875
114 297 -0.118 0 0 0 0.226125
114 162 -0.236121 0 0 0 0.323042
114 69 -0.0400205 0 0 0.00675346 0.350807
114 258 -0.337 0 0 0 0.61275
258 132 0 0 0 0 0.438125
258 223 -0.035018 0 0 0 0.410084
258 162 -0.063 0 0 0 0.589375
258 40 -0.0420216 0 0 0 0.372316
132 200 -0.0750385 0 0 0 0.19535
132 290 0 0 0 0 0.18675
132 40 -0.041 0 0 0 0.39225
132 61 -0.0280144 0 0 0 0.380445
290 155 -0.046 0 0 0 0.039125
290 200 -0.185 0 0 0 0.421125
290 252 -0.0320164 0 0 0 0.0512762
290 60 -0.0300154 0.269138 0 0 0.177841
155 74 -0.175 0 0 0 0.546875
155 165 0 0.251129 0 0 0.169336
155 60 -0.053 0 0 0 0.166125
155 300 -0.0590303 0 0 0 0.211108
74 186 -0.2435 0 0 0 0.515125
74 281 -0.0670344 0.221114 0 0 0.165209
74 91 -0.0840431 0 0 0 0.313786
74 300 -0.0025 0 0 0 0.141813
186 185 -0.0865 0 0 0 0.235875
186 277 -0.00950487 0 0 0.0165085 0.209357
186 88 -0.0625321 0 0.000750385 0 0.217486
186 91 -0.0415 0.396 0 0 0.678625
185 140 -0.0430221 0 0.000250128 0.0172588 0.201352
185 233 -0.042 0 0 0 0.13225
185 88 -0.047 0 0 0 0.085875
185 9 -0.0400205 0 0 0 0.228617
233 140 -0.044 0 0 0 0.28625
233 231 -0.0310159 0 0 0 0.0486499
233 44 -0.0300154 0.0260133 0 0 0.211859
233 138 -0.049 0 0 0 0.115125
138 54 0 0 0 0 0.2085
138 44 -0.288 0.0275 0 0 0.225
138 137 -0.0310159 0 0 0.15608 0.00212609
138 283 -0.0280144 0 0 0.0600308 0.0594054
54 51 -0.0290149 0 0 0.0990508 0.118936
54 187 -0.0620318 0 0 0 0.0964245
54 282 -0.173 0.129 0 0 0.14775
54 283 -0.055 0 0 0 0.132625
282 183 0 0 0 0 0.09375
282 187 0 0.113 0 0 0.142875
282 278 -0.0950488 0 0 0.106555 0.0262635
282 89 0 0 0 0.147825 0.0140072
183 311 0 0.0110056 0 0.114058 0.0562788
183 87 0 0 0 0 0.029
183 89 0 0 0 0 0.0235
183 182 -0.041021 0 0 0.0960493 0.104553
87 311 0 0.0135 0 0 0.1045
87 86 0 0 0 0.0172588 0.0191348
87 213 -0.0360185 0 0 0.0555285 0.170837
87 310 -0.044 0 0 0 0.191813
310 226 -0.045 0.2585 0 0 0.187312
310 213 0 0 0 0 0.0499375
310 3 -0.0700359 0 0.000750385 0 0.108743
310 135 0 0 0 0 0.0974873
226 225 -0.0320164 0.0705362 0 0 0.101802
226 41 0 0.0715367 0.000250128 0 0.0682847
226 134 -0.077 0.0895 0 0 0.157375
226 135 -0.156 0.1395 0 0 0.323938
134 205 -0.104053 0 0 0 0.10893
134 41 -0.055 0 0 0 0.05525
134 296 0 0 0 0 0.091375
134 66 0 0.245126 0 0 0.365938
296 205 0 0 0 0 0.07325
296 295 0 0.325 0 0 0.242375
296 65 -0.0300154 0.265136 0 0.0532773 0.20548
296 204 0 0.0850437 0 0 0.12769
295 294 -0.089 0 0 0 0.3355
295 64 -0.0310159 0 0 0.0262635 0.409836
295 203 -0.151078 0 0 0 0.396453
295 204 0 0.2975 0 0 0.166375
294 75 0 0 0 0.00900462 0.507135
294 208 0 0 0 0 0.109556
294 203 -0.043 0 0 0 0.494563
294 301 0 0 0 0 0.454625
301 4 0 0 0 0 0.443102
301 208 0 0 0 0 0.176625
301 136 0 0 0 0.000750385 0.480495
301 228 0 0.294 0 0 0.474813
228 161 -0.0630324 0 0 0 0.433159
228 257 -0.05 0 0 0 0.463062
228 136 0 0.056 0 0 0.346938
228 26 -0.169087 0 0 0 0.567351
257 161 -0.04 0 0 0 0.525437
257 55 -0.25 0 0 0 0.549125
257 151 -0.0290149 0 0 0 0.524021
257 284 -0.0280144 0 0 0 0.500507
55 169 -0.128066 0 0 0 0.580423
55 268 -0.069 0 0 0 0.688375
55 39 0 0 0 0 0.613313
55 284 -0.201 0 0 0 0.623625
268 90 -0.0440226 0 0 0 0.505384
268 169 0 0 0 0 0.662
268 184 -0.0885 0 0 0 0.46475
268 279 -0.200103 0 0 0 0.504508
184 90 -0.2835 0 0 0 0.489625
184 63 -0.0675347 0 0 0 0.446355
0 194 -0.142573 0 0.000750385 0 0.280894
0 297 -0.0485 0 0 0 0.35725
0 114 -0.00950487 0 0 0 0.295777
0 242 -0.0915 0 0 0 0.318312
297 194 -0.068 0 0 0 0.20725
297 70 -0.145075 0 0 0 0.356808
297 162 -0.145 0 0 0 0.46375
297 258 -0.294151 0 0 0 0.545653
162 132 -0.0690354 0 0 0 0.278017
162 70 -0.043 0 0 0 0.391688
162 267 -0.0290149 0 0 0 0.191473
162 40 -0.067 0 0 0 0.205625
40 200 -0.115 0 0 0 0.37725
40 267 -0.163 0 0 0 0.089875
40 290 -0.0690354 0 0 0.0247627 0.192349
40 102 -0.072037 0 0 0 0.116559
200 155 -0.113058 0.0650334 0 0.00675346 0.335048
200 289 -0.0510262 0 0 0.00150077 0.234996
200 60 -0.108 0 0 0 0.19
200 102 -0.0265 0.333 0 0 0.103375
60 74 -0.0320164 0 0 0.0187596 0.226116
60 289 -0.196 0 0 0 0.064375
60 207 -0.0300154 0 0 0.00450231 0.210232
60 300 -0.0995 0 0 0 0.160563
300 186 -0.0485249 0.146075 0 0 0.45617
300 314 -0.150577 0.237122 0 0.000750385 0.214047
300 207 -0.0975 0 0 0 0.181438
300 91 -0.0905 0 0 0 0.230312
91 185 -0.0420216 0 0 0 0.267012
91 313 0 0 0 0 0.155079
91 314 0 0 0 0 0.2705
91 88 0 0 0 0 0.14175
88 140 0 0 0 0 0.171375
88 313 0 0 0 0 0.191
88 233 -0.108055 0 0 0.000750385 0.219487
88 45 0 0 0.00150077 0.00675346 0.157705
140 273 -0.0310159 0 0 0.00825423 0.0855437
140 44 -0.264 0.0925 0 0 0.16825
140 45 0 0.317 0 0 0.08575
140 138 -0.0620318 0 0 0 0.353933
44 273 -0.043 0.3135 0 0 0.0666875
44 54 -0.037019 0.0245126 0 0 0.165084
44 188 0 0.212609 0 0.0900462 0.0949231
44 283 0 0.0895 0 0 0.0295
283 187 -0.133 0 0 0 0.092
283 188 0 0 0 0 0.0989375
283 282 -0.0630324 0.313161 0 0.0210108 0.122812
283 92 0 0 0 0.106555 0.0435223
187 183 0 0 0 0.0367689 0.252505
187 312 -0.072037 0 0 0.0802912 0.221863
187 89 0 0 0 0 0.338375
187 92 -0.054 0 0 0 0.2585
89 311 0 0.0425 0 0 0.214875
89 312 -0.042 0 0 0 0.07475
89 87 0 0 0 0.0360185 0.248878
89 214 -0.105054 0 0 0.0157581 0.143323
311 123 -0.0330169 0.205606 0 0 0.291775
311 213 -0.045 0.0975 0 0 0.078875
311 214 -0.044 0.3645 0 0 0.243563
311 310 -0.0300154 0.0155079 0 0 0.110181
213 123 -0.051 0 0 0 0.1225
213 226 -0.0300154 0.143073 0 0 0.1482
213 42 0 0 0 0 0.208732
213 135 0 0 0 0 0.136312
135 41 -0.049 0 0 0 0.0380625
135 42 0 0 0 0 0.080375
135 134 -0.0600308 0 0 0 0.0822294
135 269 0 0 0 0 0.153266
41 205 0 0 0 0 0.025625
41 296 -0.0320164 0 0 0 0.0353932
41 109 0 0 0 0 0.0720368
41 269 -0.087 0 0 0 0.125125
205 295 0 0 0 0.00225115 0.211108
205 108 -0.0310159 0 0 0 0.295651
205 109 0 0 0 0 0.227313
205 204 0 0.0465 0 0 0.11775
204 294 -0.153079 0.212609 0 0 0.573168
204 107 -0.0730375 0.102553 0 0 0.103678
204 108 -0.082 0.0605 0 0 0.03325
204 203 -0.117 0.2645 0 0 0.431062
203 113 -0.210108 0.0430221 0 0 0.401768
203 107 0 0 0 0 0.131187
203 208 -0.054 0.357 0 0 0.0675625
203 301 -0.0360185 0.193099 0 0 0.222176
208 113 -0.0575 0 0 0 0.011625
208 43 -0.0320164 0.260134 0 0 0.335297
208 136 0 0 0 0 0.18
208 228 0 0.252129 0 0 0.278517
136 161 -0.109 0 0 0 0.568313
136 43 -0.055 0.308 0 0 0.665062
136 257 -0.0320164 0 0 0 0.561162
136 67 -0.0910467 0 0 0 0.570166
161 55 -0.244125 0 0 0 0.581858
161 191 0 0 0.000250128 0 0.253319
161 67 -0.039 0 0 0 0.355375
161 284 0 0 0 0 0.331813
284 169 -0.042 0 0 0 0.60775
284 268 -0.0300154 0 0 0 0.564789
284 191 0 0 0 0 0.351562
284 77 -0.0330169 0 0 0 0.546904
169 90 -0.049 0 0 0 0.488125
169 184 -0.00400205 0 0 0 0.531147
169 77 -0.088 0.401 0 0 0.5
242 194 0 0 0 0 0.0974375
242 17 -0.0290149 0.179092 0 0.0570293 0.313974
242 297 -0.0300154 0 0 0.0952989 0.203667
242 12 -0.043 0 0 0 0.401313
194 70 -0.121 0 0 0 0.566063
194 17 -0.042 0 0 0 0.234688
194 162 -0.166085 0 0 0.0457735 0.261259
194 299 -0.0280144 0 0 0 0.227241
70 267 0 0.225 0 0 0.250813
70 40 -0.0920473 0 0 0 0.241561
70 299 0 0.246 0 0 0.174938
70 170 0 0.268138 0 0 0.232557
267 200 -0.0900462 0 0 0.0382696 0.150702
267 8 -0.0800411 0 0 0 0.110806
267 102 -0.0845 0 0 0 0.187625
267 170 0 0 0 0 0.1395
102 198 -0.0775398 0 0 0.000750385 0.117935
102 289 -0.0445 0 0 0 0.040875
102 8 -0.1495 0 0 0 0.207
102 60 -0.0355182 0 0 0.0742881 0.0742881
289 198 -0.105 0.043 0 0 0.171625
289 222 -0.0320164 0 0 0.00225115 0.182093
289 207 -0.084 0 0 0 0.2755
289 300 -0.0610313 0 0.00150077 0.0983004 0.178215
207 218 -0.0310159 0 0 0.000750385 0.206231
207 222 0 0 0 0 0.06225
207 314 -0.043 0 0 0 0.19
207 91 -0.0330169 0.206106 0 0.0142573 0.139446
314 218 -0.109 0 0 0 0.112125
314 313 0 0 0 0 0.103375
314 88 0 0 0 0 0.255256
314 216 0 0.180092 0 0.0187596 0.108931
313 140 0 0 0 0 0.0198852
313 274 -0.0330169 0.268138 0 0 0.180842
313 45 0 0 0 0 0.055625
313 216 0 0 0 0 0.188
45 273 -0.044 0 0 0 0.303062
45 274 -0.128 0 0 0 0.1235
45 44 -0.0710365 0.374192 0 0 0.197352
45 177 -0.0780401 0 0 0.00900462 0.216111
273 94 -0.308158 0 0 0 0.138133
273 188 -0.046 0 0 0 0.124875
273 177 0 0 0 0 0.285937
273 283 -0.0330169 0 0 0 0.315225
188 94 0 0 0 0 0.0688125
188 187 -0.0710365 0 0 0 0.119499
188 316 0 0 0 0.115559 0.125126
188 92 0 0 0 0 0.0839375
92 217 -0.0290149 0 0 0.178591 0.0368939
92 312 -0.048 0 0 0 0.114625
92 316 0 0 0 0 0.092625
92 89 -0.0790406 0 0 0 0.123313
312 217 0 0 0 0 0.120438
312 311 -0.0700359 0.129066 0 0.000750385 0.0222614
312 125 -0.0080041 0.228117 0 0.0645331 0.0991756
312 214 0 0 0 0 0.0891875
214 123 -0.042 0 0 0 0.140813
214 125 -0.0285 0.3105 0 0 0.0119375
214 213 -0.0600308 0.181093 0 0 0.274829
214 29 -0.041021 0 0 0 0.0597181
123 270 -0.11706 0 0 0 0.282771
123 42 -0.049 0 0 0 0.0381875
123 29 0 0 0 0 0.093875
123 135 -0.0310159 0 0 0 0.130816
42 270 -0.042 0 0 0 0.0125
42 41 -0.0300154 0 0 0 0.281583
42 173 -0.135069 0.25313 0 0 0.10299
42 269 0 0 0 0 0.0893125
269 205 -0.0300154 0 0 0 0.0807913
269 14 -0.121062 0 0 0 0.0576544
269 173 -0.042 0.1365 0 0 0.146812
269 109 -0.044 0 0 0 0.0238125
109 13 -0.0290149 0 0 0 0.0941108
109 14 -0.064 0 0 0 0.0819375
109 108 -0.062 0 0 0 0.212938
109 204 -0.0950488 0.0260133 0 0 0.185032
108 13 0 0 0 0 0.0785625
108 107 -0.043 0 0 0 0.234625
108 203 -0.0430221 0 0 0 0.136695
108 11 -0.0460236 0 0 0 0.235496
107 113 -0.0145 0 0 0 0.142125
107 208 -0.041021 0 0 0 0.137821
107 20 0 0 0 0 0.169836
107 11 0 0 0 0 0.189
113 43 -0.0825 0.038 0 0 0.293438
113 136 -0.0305156 0 0 0 0.552783
113 20 -0.1465 0.188 0 0 0.09425
113 272 -0.227617 0 0 0 0.448104
43 161 -0.0670344 0 0 0 0.307096
43 298 -0.0300154 0 0 0 0.324229
43 67 -0.09 0 0 0 0.3175
43 272 0 0 0 0 0.283437
67 95 0 0 0 0 0.227429
67 298 0 0 0 0 0.234187
67 191 -0.208 0 0 0 0.349
67 284 -0.0400205 0 0 0 0.384761
191 169 -0.165085 0 0 0 0.566227
191 95 -0.042 0 0 0 0.281625
191 77 -0.041 0 0 0 0.318563
77 90 -0.134069 0 0 0.0142573 0.300904
12 194 -0.0400205 0.21411 0 0 0.2924
12 17 -0.052 0 0 0 0.398438
17 70 -0.0300154 0 0 0 0.0907339
17 206 0 0 0 0 0.0593428
17 299 0 0 0 0 0.257062
299 267 0 0.128066 0 0 0.161707
299 206 0 0 0 0 0.244375
299 78 0 0.228117 0 0 0.193724
299 170 0 0.293 0 0 0.01375
170 232 -0.0470241 0 0 0 0.115934
170 8 -0.045 0.3 0 0 0.148125
170 78 -0.041 0 0 0 0.1585
170 102 -0.0650334 0 0 0.01951 0.167836
8 198 -0.052 0 0 0 0.198625
8 232 0 0 0 0 0.10875
8 289 -0.11706 0.190098 0 0.0127565 0.144698
8 101 0 0 0 0 0.072662
198 304 -0.0550282 0.165085 0 0.00225115 0.113308
198 222 -0.068 0 0 0 0.158
198 207 -0.0290149 0 0 0.0750385 0.127565
198 101 -0.047 0.195 0 0 0.239688
222 304 -0.194 0.1125 0 0 0.125687
222 218 -0.047 0 0 0 0.122125
222 314 -0.125064 0 0 0.120812 0.163084
222 128 -0.0320164 0 0 0 0.0440226
218 313 -0.0340174 0.217111 0 0 0.0944232
218 126 0 0 0 0.0742881 0.100051
218 128 0 0 0 0 0.0455
218 216 -0.047 0 0 0 0.121625
216 178 -0.0620318 0 0 0 0.097925
216 274 -0.046 0 0 0 0.04125
216 126 -0.067 0 0 0 0.043
216 45 0 0.166085 0 0 0.160582
274 178 0 0 0 0 0.070375
274 273 -0.0300154 0 0 0 0.160707
274 83 0 0 0 0.0330169 0.0421466
274 177 -0.049 0 0 0 0.035
177 94 -0.052 0 0 0 0.095125
177 83 -0.05 0 0 0 0.179375
177 188 -0.0300154 0 0 0 0.031266
177 317 0 0 0 0.0150077 0.13782
94 219 -0.0560288 0 0 0 0.133068
94 316 0 0 0 0 0.114375
94 317 -0.099 0 0 0 0.24375
94 92 0 0 0 0.00150077 0.113808
316 217 -0.046 0 0 0 0.156438
316 219 -0.155 0 0 0 0.24575
316 312 -0.0450231 0 0 0 0.0845433
316 127 -0.0620318 0.269138 0 0.0562789 0.121187
217 32 -0.0310159 0 0 0.0285146 0.107242
217 125 -0.1155 0.0825 0 0 0.0790625
217 127 -0.042 0 0 0 0.0808125
217 214 0 0 0 0 0.151265
125 32 -0.0655 0.0075 0 0 0.21875
125 123 -0.0925475 0.133569 0 0 0.111557
125 260 -0.144574 0.1956 0 0 0.0969246
125 29 -0.0865 0.0285 0 0 0.018625
29 270 -0.042 0 0 0 0.263563
29 260 -0.045 0.178 0 0 0.278625
29 42 -0.0900462 0.243125 0 0 0.114808
29 175 -0.0360185 0 0 0 0.142823
270 80 -0.0400205 0 0 0 0.167398
270 173 0 0.1925 0 0 0.067
270 175 0 0 0 0 0.270687
270 269 -0.072037 0 0 0 0.101489
173 241 -0.0600308 0.115559 0 0 0.32548
173 80 -0.128 0.2345 0 0 0.222
173 14 -0.055 0.1515 0 0 0.123313
173 109 -0.211108 0.0985506 0 0 0.259321
14 241 -0.043 0 0 0 0.154375
14 13 0 0 0 0 0.105312
14 108 0 0 0 0 0.13707
14 240 -0.0300154 0 0 0 0.114933
13 107 -0.158081 0 0 0 0.25882
13 237 -0.118061 0 0 0 0.235933
13 240 -0.052 0 0 0 0.0785
13 11 -0.053 0 0 0 0.116687
11 113 -0.0110056 0 0 0 0.211234
11 251 -0.0590303 0 0 0 0.0727873
11 237 -0.056 0 0 0 0.158375
11 20 -0.212 0 0 0 0.22
20 43 -0.100051 0 0 0 0.284521
20 251 -0.102 0 0 0 0.27775
20 176 -0.0300154 0 0 0 0.274392
20 272 -0.114 0 0 0 0.282875
272 298 -0.045 0 0 0 0.161375
272 176 -0.05 0 0 0 0.171625
272 67 -0.0330169 0 0 0 0.236996
298 95 0 0 0 0 0.513687
298 191 -0.0710365 0 0 0 0.311286
95 77 -0.0290149 0 0.000750385 0 0.292337
206 302 -0.037019 0 0 0 0.0971748
206 78 0 0 0 0 0.170375
206 170 -0.035018 0.23312 0 0 0.198601
78 232 0 0 0 0 0.007375
78 302 -0.052 0 0 0 0.055625
78 8 0 0 0 0.000750385 0.10743
78 139 -0.0340174 0 0 0 0.13757
232 198 -0.0300154 0 0 0.009755 0.151702
232 6 -0.0490252 0 0 0 0.0879199
232 101 0 0 0 0 0.107063
232 139 -0.053 0 0 0 0.105
101 304 -0.051 0.4415 0 0 0.10525
101 6 -0.052 0 0 0 0.206687
101 222 -0.179092 0.228117 0 0.149326 0.0956112
101 209 -0.0850437 0 0 0 0.038082
304 218 0 0.0365187 0 0.169587 0.0866068
304 36 0 0.0705362 0 0.000750385 0.0470867
304 209 0 0.2005 0 0 0.0623125
304 128 0 0.0545 0 0 0.0313125
128 34 -0.0300154 0 0 0.0457735 0.144699
128 36 0 0 0 0 0.053
128 126 0 0 0 0 0.030875
128 216 -0.0360185 0 0 0.0367689 0.103928
126 178 -0.114 0.122 0 0 0.158375
126 34 -0.04 0 0 0 0.19625
126 274 -0.126065 0 0 0 0.0734126
126 85 -0.0630324 0 0 0 0.109681
178 307 -0.0840431 0 0 0.00150077 0.156204
178 83 0 0 0 0 0.095
178 85 -0.041 0 0 0 0.190375
178 177 -0.0560288 0 0 0 0.142948
83 307 -0.144 0 0 0 0.237937
83 94 -0.0600308 0 0 0 0.0146325
83 221 -0.0290149 0.193099 0 0.120061 0.165834
83 317 -0.047 0.21 0 0 0.13175
317 219 0 0 0 0 0.225875
317 221 -0.046 0 0 0 0.250125
317 316 -0.0290149 0 0 0 0.0310159
317 129 0 0 0 0 0.202603
219 217 -0.0640329 0.246126 0 0 0.271014
219 35 -0.0290149 0.208107 0 0.0142573 0.190973
219 127 -0.084 0 0 0 0.135875
219 129 0 0 0 0 0.198125
127 32 0 0 0 0 0.09775
127 35 -0.041 0 0 0 0.166625
127 125 -0.0750385 0.00900462 0 0 0.158331
127 262 -0.0360185 0 0 0 0.104178
32 163 -0.0300154 0 0 0 0.134568
32 260 -0.077 0 0 0 0.086625
32 262 -0.043 0 0 0 0.2655
32 29 -0.0330169 0 0 0 0.0661589
260 163 -0.122 0 0 0 0.210875
260 270 0 0 0.000250128 0 0.105929
260 81 0 0.13707 0 0 0.314912
260 175 0 0 0 0 0.12375
175 80 -0.049 0 0 0 0.0456875
175 81 0 0.1215 0 0 0.0994375
175 173 -0.0340174 0.190098 0 0 0.121187
175 303 -0.03902 0 0 0 0.0849185
80 241 -0.056 0 0 0 0.195937
80 14 -0.076039 0 0 0 0.154516
80 143 0 0 0 0 0.205918
80 303 0 0 0 0 0.165063
241 13 -0.0430221 0 0 0 0.130066
241 142 -0.0440226 0 0 0 0.208357
241 143 -0.043 0 0 0 0.05825
241 240 0 0 0 0 0.0855625
240 153 -0.037019 0 0 0 0.141885
240 142 0 0 0 0 0.149625
240 237 -0.051 0 0 0 0.227437
240 11 -0.0790406 0 0 0 0.158143
237 153 0 0 0 0 0.176875
237 251 -0.042 0 0 0 0.124875
237 20 -0.0320164 0 0 0 0.277017
251 176 0 0 0 0 0.058
251 272 -0.0560288 0.201103 0 0 0.321415
176 298 -0.0290149 0 0.000750385 0 0.187971
302 232 -0.0440226 0 0 0 0.172838
302 139 0 0 0 0 0.30325
139 6 0 0 0 0 0.093125
139 101 -0.076039 0 0 0 0.129816
6 304 -0.0290149 0.198102 0 0.154579 0.110932
6 117 0 0.25313 0 0.00150077 0.172087
6 209 -0.056 0 0 0 0.0665
209 265 -0.159082 0 0 0.00225115 0.112808
209 117 -0.042 0 0 0 0.22975
209 36 -0.191 0 0 0 0.10825
209 128 0 0 0 0.172588 0.0955488
36 265 -0.1175 0 0 0 0.112125
36 34 -0.109 0 0 0 0.1315
36 126 0 0 0 0 0.0716616
36 263 -0.105054 0 0 0 0.302406
34 178 -0.126065 0.201103 0 0 0.184845
34 308 -0.0360185 0 0 0 0.0520266
34 85 -0.041 0 0 0 0.0775
34 263 0 0.317 0 0 0
85 307 -0.042 0 0 0 0.190938
85 308 -0.045 0 0 0 0.0598125
85 83 -0.035018 0 0 0.000750385 0.0915468
85 210 -0.037019 0 0 0.179341 0.181593
307 130 0 0 0 0.163583 0.0886078
307 221 0 0 0 0 0.147813
307 210 0 0 0 0 0.04
307 317 -0.0300154 0 0 0 0.158518
221 130 0 0 0 0 0.103
221 219 -0.0310159 0 0 0 0.0751634
221 37 -0.0290149 0 0 0.091547 0.142322
221 129 -0.059 0 0 0 0.21825
129 35 -0.291 0 0 0 0.0845
129 37 -0.043 0.227 0 0 0.074875
129 127 -0.128066 0.260134 0 0 0.114433
129 264 -0.115059 0 0 0 0.243625
35 32 -0.0480246 0 0 0 0.115809
35 166 -0.207106 0 0 0.000750385 0.223864
35 262 0 0 0 0 0.208375
35 264 -0.05 0 0 0 0.147875
262 163 0 0 0 0 0.1515
262 166 0 0.265 0 0 0.357125
262 260 -0.0310159 0 0 0 0.123063
262 73 -0.1941 0 0 0 0.680595
163 305 -0.0790406 0 0 0 0.175089
163 81 -0.044 0.3745 0 0 0.173187
163 73 -0.0835 0 0 0 0.455375
163 175 -0.0320164 0 0 0 0.180592
81 305 -0.174 0.4565 0 0 0.216312
81 80 -0.0910467 0.124564 0 0 0.165146
81 303 -0.065 0.2925 0 0 0.171813
303 241 -0.0570293 0 0 0 0.169961
303 143 0 0.303 0 0 0.07775
143 142 -0.115 0 0 0 0.324187
143 240 -0.03902 0 0 0 0.0784151
142 153 -0.267 0 0 0 0.146812
142 237 -0.0310159 0 0 0 0.0425844
153 251 -0.041021 0 0 0 0.282895
117 265 -0.0385 0 0 0 0.203625
117 36 -0.0290149 0 0 0.0945485 0.112682
265 34 -0.0345177 0 0 0 0.100551
265 263 -0.0205 0 0 0 0.159875
263 308 -0.041 0 0 0 0.103063
263 85 -0.037019 0 0 0 0.0812916
308 307 -0.0670344 0 0 0 0.138383
308 210 -0.041 0 0 0 0.040375
210 130 0 0 0 0 0.0538125
210 221 0 0 0 0 0.0792281
130 37 0 0 0 0 0.044625
130 129 -0.0590303 0 0 0 0.299779
37 35 -0.0590303 0 0 0 0.178716
37 264 -0.045 0 0 0 0.18975
264 166 -0.19 0 0 0 0.261125
264 262 -0.0480246 0 0 0 0.183344
166 163 0 0 0 0 0.441224
166 73 -0.1265 0 0 0 0.357875
73 305 -0.0265 0 0 0 0.355125
73 81 -0.0985506 0.185095 0 0 0.362937
305 303 -0.072037 0 0 0 0.384072
